              precision    recall  f1-score   support

           0     0.9721    0.9860    0.9790     23797
           1     0.8897    0.8037    0.8445      4860
           2     0.9510    0.9728    0.9618     22109
           3     0.0000    0.0000    0.0000       376

    accuracy                         0.9557     51142
   macro avg     0.7032    0.6906    0.6963     51142
weighted avg     0.9480    0.9557    0.9516     51142

[[23464   105   228     0]
 [  218  3906   736     0]
 [  336   266 21507     0]
 [  119   113   144     0]]
